distance	input1	input2	renamed input 1	renamed input 2	bestPerm	bestSubset	bijection	computing time
12	ABABABABABABABCDCDCDCDCEFEFEFE	ABABABABACABABADDEDEDEDEDFDGDGDGDG	ABABABABABABABCDCDCDCDCEFEFEFE	ABABABABAGABABACCDCDCDCDCECFCFCFCF	[0, 1, 2, 3, 4, 5]	(0, 1, 3, 4, 5, 6)	[(0, 0), (1, 1), (2, 3), (3, 4), (4, 5), (5, 6)]	0.19447898864746094
21	ABCBCBCBCBCBCBCBCBCBCBCDCBCBDCDCDCDEDEDEDEFEFEFEFEFEFEF	ABABABABABABABABABABABACACDADAEFEFEFEFEGEFEFEHGFGFGF	CBABABABABABABABABABABADABABDADADADEDEDEDEFEFEFEFEFEFEF	ABABABABABABABABABABABACACGAGADEDEDEDEDFDEDEDHFEFEFE	[2, 1, 0, 3, 4, 5]	(0, 1, 2, 4, 5, 6)	[(2, 0), (1, 1), (0, 2), (3, 4), (4, 5), (5, 6)]	0.6522881984710693
18	ABABACBCDCDCDCDCDCDCDCDCDCDCDCE	ABABABABABABABABABABACABABADCBEBFAGAH	CDCDCADABABABABABABABABABABABAE	ABABABABABABABABABABACABABADCBEBFAGAH	[2, 3, 0, 1, 4]	(0, 1, 2, 3, 4)	[(2, 0), (3, 1), (0, 2), (1, 3), (4, 4)]	0.16552424430847168
13	ABACBCBCBCBCBCB	ABACDADABDBDBDBDBCDCBCDCBDCE	ABACBCBCBCBCBCB	ABADCACABCBCBCBCBDCDBDCDBCDE	[0, 1, 2]	(0, 1, 3)	[(0, 0), (1, 1), (2, 3)]	0.001995086669921875
26	ABABAACADADACACDAADADADADADADADADAACACACACACAC	ABABAACACADAEAEDADAEAEADADEDEDEDEDEDEDED	DBDBDDCDADADCDCADDADADADADADADADADDCDCDCDCDCDC	ABABAAEAEACADADCACADADACACDCDCDCDCDCDCDC	[3, 1, 2, 0]	(0, 1, 3, 4)	[(3, 0), (1, 1), (2, 3), (0, 4)]	0.004986286163330078
19	ABABACACACACAADADADADA	ABACACACACACACACDCDCDCAEAFAFAFAFAFFGFGF	ABABACACACACAADADADADA	ABACACACACACACACECECECAFADADADADADDGDGD	[0, 1, 2, 3]	(0, 1, 2, 5)	[(0, 0), (1, 1), (2, 2), (3, 5)]	0.028923749923706055
27	ABABABABABCCBCBCBCBCCDCDCBC	ABACACACACACACADADCADCDADADACADACACDACADADADADADCA	CACACACACADDADADADADDBDBDAD	ABACACACACACACADADCADCDADADACADACACDACADADADADADCA	[1, 3, 0, 2]	(0, 1, 2, 3)	[(1, 0), (3, 1), (0, 2), (2, 3)]	0.0019953250885009766
23	ABABABCBCBCBCBDBDBDBDBDBDEDBDB	ABABABCACBCABDABDABDABEFEFEFEFEFEFE	ABABABCBCBCBCBDBDBDBDBDBDEDBDB	ABABABCACBCABFABFABFABDEDEDEDEDEDED	[0, 1, 2, 3, 4]	(0, 1, 2, 4, 5)	[(0, 0), (1, 1), (2, 2), (3, 4), (4, 5)]	0.029920339584350586
27	ABABACACABAADBDBDEDEDEDEDEDED	ABABABCDABAEFEBEBEBEBEACACACADACACDBEBFEFE	BDBDBEBEBDBBADADACACACACACACA	ABABABCFABADEDBDBDBDBDACACACAFACACFBDBEDED	[3, 0, 4, 1, 2]	(0, 1, 2, 4, 5)	[(3, 0), (0, 1), (4, 2), (1, 4), (2, 5)]	0.022934675216674805
32	ABABABABABABABABABABCADCDCDCECECECECECBC	ABABCBCBCBACACBDEFGBABGCGFEAFGBGBGFBEBFG	ABABABABABABABABABABEACECECEDEDEDEDEDEBE	ABABCBCBCBACACBFGDEBABECEDGADEBEBEDBGBDE	[0, 1, 3, 4, 2]	(0, 1, 2, 5, 6)	[(0, 0), (1, 1), (3, 2), (4, 5), (2, 6)]	0.09175539016723633
31	ABACADCDADBDBDBDBDBDBDBDBDBDBDBDBDBDBDBA	ABABCDCDCDCDCDCDCDCDCEFGFGFGFGFDGFH	ACABADBDADCDCDCDCDCDCDCDCDCDCDCDCDCDCDCA	ABABCDCDCDCDCDCDCDCDCEFGFGFGFGFDGFH	[0, 2, 1, 3]	(0, 1, 2, 3)	[(0, 0), (2, 1), (1, 2), (3, 3)]	0.04787254333496094
28	ABACABCAADBDABDBDBDBDEBAFADBDB	ABCABABACBCACBCBADEDEDFGFHDHDFDHDHIF	ACABACBAADCDACDCDCDCDFCAEADCDC	ABGABABAGBGAGBGBACDCDCEHEFCFCECFCFIE	[0, 2, 1, 3, 5, 4]	(0, 1, 3, 4, 5, 7)	[(0, 0), (2, 1), (1, 3), (3, 4), (5, 5), (4, 7)]	1.4640839099884033
16	ABCBACBADE	ABABACABCABADEDEDEDEDEDEDF	BACABCABDE	ABABACABCABADEDEDEDEDEDEDF	[1, 0, 2, 3, 4]	(0, 1, 2, 3, 4)	[(1, 0), (0, 1), (2, 2), (3, 3), (4, 4)]	0.019946575164794922
42	AABABABABABAACDADADCDCDCDC	AABABABABABABABABABABABABABABAACADACADADCDCDCDCDCDCDCDCDCDCDCDCDCDCD	AABABABABABAACDADADCDCDCDC	AABABABABABABABABABABABABABABAACADACADADCDCDCDCDCDCDCDCDCDCDCDCDCDCD	[0, 1, 2, 3]	(0, 1, 2, 3)	[(0, 0), (1, 1), (2, 2), (3, 3)]	0.002997875213623047
32	ABABABABCACD	ABCBCDBDBDBDBDBDBDBDBDBDBDBDBDBDEDEDEDEDEDEF	BABABABACBCD	EAFAFBABABABABABABABABABABABABABCBCBCBCBCBCD	[1, 0, 2, 3]	(1, 3, 4, 5)	[(1, 1), (0, 3), (2, 4), (3, 5)]	0.008970499038696289
53	AABABABABABABABAB	ABABABABABABABABCDCDEFGFGFGFGFGFEFEEAEAEAEAEECACECACAHFHFHFGFGEAFACA	AABABABABABABABAB	ABABABABABABABABCDCDEFGFGFGFGFGFEFEEAEAEAEAEECACECACAHFHFHFGFGEAFACA	[0, 1]	(0, 1)	[(0, 0), (1, 1)]	0.0029904842376708984
26	A	ABABABABAACBCBCBCBCBACCBCBC	A	ABABABABAACBCBCBCBCBACCBCBC	[0]	(0,)	[(0, 0)]	0.0
101	ABABABABABABABABABABABABABABABABABABABABCABACACACACBAACACACACACACACACACBABADBADBABADABABABADADABADADBDBDBDABDBADBADBADBADADADADBDABABADBABAB	ABABABACABACACACACACABCABABACACBACACBABABCD	ABABABABABABABABABABABABABABABABABABABABDABADADADADBAADADADADADADADADADBABACBACBABACABABABACACABACACBCBCBCABCBACBACBACBACACACACBCABABACBABAB	ABABABACABACACACACACABCABABACACBACACBABABCD	[0, 1, 3, 2]	(0, 1, 2, 3)	[(0, 0), (1, 1), (3, 2), (2, 3)]	0.00398707389831543
34	ABABABABABABABACDBECDCACACAECDAEACEECDEDECECEDDEDEDEDEDEDEDEDEDEDEDEDEDEDEDEDEEEAEAEAEAEAEAEAEAEAEAEAEAEAEAEAEAEAE	ABCABACABACABDEFEBEAEAEFAEAEDEFDFDFDFDFDFDFDFDFDFDFDFDFDFDFDFDFDFDFDADADADADADADADADADADADAD	ABABABABABABABADEBCDEDADADACDEACADCCDECECDCDCEECECECECECECECECECECECECECECECECCCACACACACACACACACACACACACACACACACAC	ABFABAFABAFABCDEDBDADADEADADCDECECECECECECECECECECECECECECECECECECECACACACACACACACACACACACAC	[0, 1, 4, 2, 3]	(0, 1, 3, 4, 5)	[(0, 0), (1, 1), (4, 3), (2, 4), (3, 5)]	0.07579636573791504
94	ABCBDBDBDBDBDBDBDBDBDBDBDBDBDEFGFGFGBDBDBEDBDBDBCBCBCBCDCDCBCDCFCFCFCFCFCFCDFC	ABABABABABCBCBABCADADADADADADACACACACACACACADADADADACDADCADACACADADACACACDCACAABABABCBDCABABCBDBABCBACBCBCBEBEBCBEBEBEBAEBCEBACEBEAECECECECDEDCDBEAEBFBGBFHB	FABACACACACACACACACACACACACACDEGEGEGACACADCACACABABABABCBCBABCBEBEBEBEBEBEBCEB	ABABABABABCBCBABCADADADADADADACACACACACACACADADADADACDADCADACACADADACACACDCACAABABABCBDCABABCBDBABCBACBCBCBEBEBCBEBEBEBAEBCEBACEBEAECECECECDEDCDBEAEBFBGBFHB	[1, 2, 3, 4, 5, 0, 6]	(0, 1, 2, 3, 4, 5, 6)	[(1, 0), (2, 1), (3, 2), (4, 3), (5, 4), (0, 5), (6, 6)]	3.6264939308166504
62	ABABABABABABCBCBCBCBCBCBCBCBCBCBCBCBCBCDCDCDCDCDCECEDEDEDEDED	ABABABABABABABABABABACBCACACACACACABACBCBCBABCACABABABABABABDEDEDEDEDEDEDEDEDEDEBDBEBEBEBEBEBEBDBEBEBEDEDED	CACACACACACABABABABABABABABABABABABABABEBEBEBEBEBDBDEDEDEDEDE	ABABABABABABABABABABACBCACACACACACABACBCBCBABCACABABABABABABDEDEDEDEDEDEDEDEDEDEBDBEBEBEBEBEBEBDBEBEBEDEDED	[1, 2, 0, 4, 3]	(0, 1, 2, 3, 4)	[(1, 0), (2, 1), (0, 2), (4, 3), (3, 4)]	0.012965202331542969
61	ABCAACACDCDCDCDCDCDCDCDCDCDCDCDCDCDCDCDEDEDEDEDEDEDBEBABAADADADADADADA	AABABABABABABABABABACDCDCDCDCDCDCDCDCDCDCDCDCDCDCDCDCDAEAEAEAEFEFEFEAFAFAFAFAFAFAFAFAFAFEACACBCACBCBCBCBCBCBCBCBCBC	BADBBDBDCDCDCDCDCDCDCDCDCDCDCDCDCDCDCDCECECECECECECAEABABBCBCBCBCBCBCB	AABABABABABABABABABACDCDCDCDCDCDCDCDCDCDCDCDCDCDCDCDCDAEAEAEAEFEFEFEAFAFAFAFAFAFAFAFAFAFEACACBCACBCBCBCBCBCBCBCBCBC	[1, 0, 3, 2, 4]	(0, 1, 2, 3, 4)	[(1, 0), (0, 1), (3, 2), (2, 3), (4, 4)]	0.04089641571044922
47	ABABABABABABABABABABABABABABABABABABAABABABABAABABABABCBCBCBCBCCACACACACACAC	ABABABACACACACACACACACACACADCADADCDCDCDACBBECECECEACEAEACFGFGFGFGAGAGAGAGAGCGCFCG	ABABABABABABABABABABABABABABABABABABAABABABABAABABABABCBCBCBCBCCACACACACACAC	ADADADABABABABABABABABABABAEBAEAEBEBEBEABDDFBFBFBFABFAFABGCGCGCGCACACACACACBCBGBC	[0, 1, 2]	(0, 2, 6)	[(0, 0), (1, 2), (2, 6)]	0.01000213623046875
55	ABABABABABCBCBCBCDCDCDCDCBEBBCBCBECECEBCEEECBECBECECECECBCBECBFFGFFFEFEFEGFGFG	ABABABABABABABABABABABABABABABCBCBCBCBCBCBCBCBCBCBCBCBCDBDBCEFCADECGEGEGEGEGEGEGHGHGHGDCDCD	EAEAEAEAEABABABABDBDBDBDBACAABABACBCBCABCCCBACBACBCBCBCBABACBAFFGFFFCFCFCGFGFG	ABABABABABABABABABABABABABABABCBCBCBCBCBCBCBCBCBCBCBCBCDBDBCEHCADECFEFEFEFEFEFEFGFGFGFDCDCD	[1, 2, 4, 3, 0, 5, 6]	(0, 1, 2, 3, 4, 6, 7)	[(1, 0), (2, 1), (4, 2), (3, 3), (0, 4), (5, 6), (6, 7)]	2.1655054092407227
67	ABACACACDAEDADABDADADABFDFBAFAFAGHGBGHDCGCGA	ABABABCABABCBCBCBCBCBCBCBDEDEDEDEDEDEDEDFGFGFGFDFDGDFDGDGDGDGDGDGDGDFBCGFCGCHCFDFDFCDFDGFCDFB	BDBABABACBECBCBDCBCBCBDGCGDBGBGBFHFDFHCAFAFB	ABABABCABABCBCBCBCBCBCBCBDEDEDEDEDEDEDEDFGFGFGFDFDGDFDGDGDGDGDGDGDGDFBCGFCGCHCFDFDFCDFDGFCDFB	[2, 0, 3, 1, 4, 6, 5, 7]	(0, 1, 2, 3, 4, 5, 6, 7)	[(2, 0), (0, 1), (3, 2), (1, 3), (4, 4), (6, 5), (5, 6), (7, 7)]	3.3400614261627197
65	AAAAAAAAAAAAAAAAAAAAAAAABABABABABABABAABABABABABABABABABABCBCBCBCBCBCBCABABABAABABA	ABABABABABABACACADCDCDCDCDCDCDCDCDCD	AAAAAAAAAAAAAAAAAAAAAAAABABABABABABABAABABABABABABABABABABCBCBCBCBCBCBCABABABAABABA	ADADADADADADABABACBCBCBCBCBCBCBCBCBC	[0, 1, 2]	(0, 2, 3)	[(0, 0), (1, 2), (2, 3)]	0.000997304916381836
64	ABCBCBCBCBCBCACACACACACACACACADEDEDEDEDBEBEBEBEBEBEBEDE	ABABABABABABABCCCDCDCDCDCABABABABABABABABABABABABABABABABABCBCACABAEABFAFABFAFAFBAFEC	DABABABABABABDBDBDBDBDBDBDBDBDCECECECECAEAEAEAEAEAEAECE	ABABABABABABABCCCDCDCDCDCABABABABABABABABABABABABABABABABABCBCACABAFABEAEABEAEAEBAEFC	[1, 2, 3, 0, 4]	(0, 1, 2, 3, 5)	[(1, 0), (2, 1), (3, 2), (0, 3), (4, 5)]	0.06781816482543945
55	ABABABABABABABABABABABABABABABABABABACACACACACACACACACACACACACACAC	ABABABABABABABABABABACACACACACACACACACACACADDADADADADADADADADADADADACECECECECECECECEFEFEFEFEFEFEFEF	ABABABABABABABABABABABABABABABABABABACACACACACACACACACACACACACACAC	ABABABABABABABABABABADADADADADADADADADADADACCACACACACACACACACACACACADEDEDEDEDEDEDEDEFEFEFEFEFEFEFEF	[0, 1, 2]	(0, 1, 3)	[(0, 0), (1, 1), (2, 3)]	0.011970996856689453
55	ABABABABABABCBCBCBCBCBCBCBCBCBCBCBCBDCDCDABABABABABABABABAEBAEAEAEABABAB	ABABCDCABABCABCBCBCBCBCBDCBCBDBDCBCBDBEBEBEBEBEBEBAFAFAFAFAFAFAFAFAFAFFBFBFBFBFBFBFBFBFBGBB	ABABABABABABCBCBCBCBCBCBCBCBCBCBCBCBDCDCDABABABABABABABABAEBAEAEAEABABAB	ABABCFCABABCABCBCBCBCBCBFCBCBFBFCBCBFBDBDBDBDBDBDBAEAEAEAEAEAEAEAEAEAEEBEBEBEBEBEBEBEBEBGBB	[0, 1, 2, 3, 4]	(0, 1, 2, 4, 5)	[(0, 0), (1, 1), (2, 2), (3, 4), (4, 5)]	0.2842369079589844
43	ABACABACABABABABCBCABCBAADACADABADCBACDA	ABACBCDCDCDCDCDCDCDCDCDCDCDCDCDCDABABABEAEAEAEAEAEAEAEAEA	ABACABACABABABABCBCABCBAADACADABADCBACDA	AEABEBCBCBCBCBCBCBCBCBCBCBCBCBCBCAEAEAEDADADADADADADADADA	[0, 1, 2, 3]	(0, 2, 3, 4)	[(0, 0), (1, 2), (2, 3), (3, 4)]	0.00698089599609375
45	ABABABABABABABABCBCBCBCBCBCBCBCBCBCBCBCBCBDCDCCCECECECECECECECECECECEC	ABABABABABABABABCACBCABABCBACBACBCABABABABABDEDEDEDEDED	ABABABABABABABABCBCBCBCBCBCBCBCBCBCBCBCBCBDCDCCCECECECECECECECECECECEC	ABABABABABABABABCACBCABABCBACBACBCABABABABABDEDEDEDEDED	[0, 1, 2, 3, 4]	(0, 1, 2, 3, 4)	[(0, 0), (1, 1), (2, 2), (3, 3), (4, 4)]	0.01595759391784668
34	AABABABABABABACACACACACDCDADADADADCACDADAAEADCEADCEACAE	AABACADAEADADADFAFDFDFDFDFAFAFADFDACDFDCFDADACDCDCACADCDADAED	AABABABABABABADADADADADEDEAEAEAEAEDADEAEAACAEDCAEDCADAC	AABACADAFADADADEAEDEDEDEDEAEAEADEDACDEDCEDADACDCDCACADCDADAFD	[0, 1, 4, 2, 3]	(0, 1, 2, 3, 5)	[(0, 0), (1, 1), (4, 2), (2, 3), (3, 5)]	0.04886794090270996
36	ABABACDCECECEDEFCGCGCGCGECGEHEHFHEFHEFEFHGHGCF	ABABABABABABABCBCBCBCBCBCBCBCBCDEFGHIHIHDHIDIDID	AFAFABEBHBHBHEHDBCBCBCBCHBCHGHGDGHDGHDHDGCGCBD	ABABABABABABABCBCBCBCBCBCBCBCBCDEFIGHGHGDGHDHDHD	[0, 2, 6, 5, 3, 1, 7, 4]	(0, 1, 2, 3, 4, 5, 7, 8)	[(0, 0), (2, 1), (6, 2), (5, 3), (3, 4), (1, 5), (7, 7), (4, 8)]	13.216587781906128
41	AABABABABABABCDCDEDCFBGBGBGBGGCGCGCGCGCGCGCGCGCGCFCFCFEFECFCF	ABABABABACDCDCDCEFGDFDFDFDFDGDHIHIHICDCGFDGCDFCFCFCFCFCFCFCFCFCFCGCF	AABABABABABABCDCDGDCEBFBFBFBFFCFCFCFCFCFCFCFCFCFCECECEGEGCECE	ABABABABACDCDCDCEFGDFDFDFDFDGDHIHIHICDCGFDGCDFCFCFCFCFCFCFCFCFCFCGCF	[0, 1, 2, 3, 5, 6, 4]	(0, 1, 2, 3, 4, 5, 6)	[(0, 0), (1, 1), (2, 2), (3, 3), (5, 4), (6, 5), (4, 6)]	6.861634254455566
79	ABABABACACDCDCACBEBFGFGFBFEFFCFAF	ABABABABABABABABABABACACACACACACACACACACACACACACACACACACACACDCDCDCDCDECECECECECECECFECEDECEGHCHECE	ABABABACACGCGCACBDBEFEFEBEDEECEAE	ABABABABABABABABABABACACACACACACACACACACACACACACACACACACACACDCDCDCDCDECECECECECECECFECEDECEGHCHECE	[0, 1, 2, 4, 5, 6, 3]	(0, 1, 2, 3, 4, 5, 6)	[(0, 0), (1, 1), (2, 2), (4, 3), (5, 4), (6, 5), (3, 6)]	2.5132431983947754
32	ABACACACACACAADEAEAEABABABA	ABACDCDCDCDEFAGAHABABABABGHCICEFEFEJFJEFE	ABACACACACACAADEAEAEABABABA	ABACDCDCDCDEFAGAHABABABABGHCICEFEFEJFJEFE	[0, 1, 2, 3, 4]	(0, 1, 2, 3, 4)	[(0, 0), (1, 1), (2, 2), (3, 3), (4, 4)]	0.6393215656280518
